0.006018123888020854
0.001822259047063923
-0.0013872475832636066
-0.0061503495729333495
-0.01012201855179573
-0.010693995814515038
-0.006604771924876658
0.0008859163114351906
0.008148228009832656
0.010873382296846366
0.006618663694934966
-0.0032598010071148396
-0.013604577240739851
-0.017846030322054795
-0.01179477197882125
0.0032126090131187265
0.01987089024697736
0.027999703763599827
0.020060832990228348
-0.0035978385606095075
-0.03281874171531432
-0.05072355455669638
-0.04101264242921611
0.003743533711944063
0.07685005744491046
0.15836705601672757
0.22211564932319464
0.2461954457580795
0.22211564932319464
0.15836705601672757
0.07685005744491046
0.003743533711944063
-0.04101264242921611
-0.05072355455669638
-0.03281874171531432
-0.0035978385606095075
0.020060832990228348
0.027999703763599827
0.01987089024697736
0.0032126090131187265
-0.01179477197882125
-0.017846030322054795
-0.013604577240739851
-0.0032598010071148396
0.006618663694934966
0.010873382296846366
0.008148228009832656
0.0008859163114351906
-0.006604771924876658
-0.010693995814515038
-0.01012201855179573
-0.0061503495729333495
-0.0013872475832636066
0.001822259047063923
0.006018123888020854
